1111111111111111111111111111111111111111
1000000000000000000000000000000000000001
1000000000000000000000000000000000000001
1000000000000000000000000000000000000001
1000000000000000000000000000000000000001
1000000000000000001010000000000000000001
1000100000000000001010000000000000000001
1000100000000000001N10010000000000000001
1000100000000000001110010000000000000001
1000100000000000000000000000000000000001
1000100000000000000100000000000000000001
1000000000000000000000000000000000000001
1000000000000000000000000000000000000001
1000000000000000000000000000000000000001
1111111111111111111111111111111111111111